Camera matrix : 

[[635.81463295   0.         396.08193105]
 [  0.         634.42775518 292.65931805]
 [  0.           0.           1.        ]]
dist : 

[[ 0.19799088 -0.42032234  0.00045841 -0.00616674  0.19274315]]
rvecs : 

[array([[-0.24411274],
       [-0.532706  ],
       [-1.49561226]]), array([[-0.18083981],
       [ 0.27374787],
       [ 1.48734965]]), array([[-0.36979101],
       [-0.11899156],
       [ 1.51985927]]), array([[ 0.42169429],
       [-0.53995745],
       [-1.5380251 ]]), array([[-0.38943558],
       [ 0.51335294],
       [ 1.23391646]]), array([[-0.8226573 ],
       [ 0.34891723],
       [-0.9936225 ]]), array([[-0.82770379],
       [ 0.01553454],
       [-0.03109141]]), array([[-0.42063098],
       [ 0.52476971],
       [ 1.32697703]]), array([[-0.70395161],
       [ 0.45272534],
       [ 1.33842099]]), array([[ 0.18821252],
       [-0.05736885],
       [ 0.02760048]]), array([[-0.23856533],
       [-0.4108759 ],
       [-1.49105684]]), array([[-0.02010004],
       [ 0.46220584],
       [ 1.41091195]]), array([[-0.85216736],
       [ 0.29241619],
       [ 1.13688958]]), array([[-0.05846449],
       [-0.59390004],
       [-1.57495929]]), array([[-0.42114381],
       [-0.13722134],
       [-0.97267366]]), array([[-0.09624611],
       [ 0.72060724],
       [ 1.54494954]]), array([[0.24134976],
       [1.01509342],
       [1.25713904]]), array([[0.28167962],
       [0.69357306],
       [1.41482656]]), array([[-0.28338911],
       [ 0.39714215],
       [ 1.41260037]]), array([[-0.80929831],
       [ 0.23148163],
       [ 1.32132967]]), array([[-0.3896612 ],
       [ 0.14132425],
       [ 1.44374633]]), array([[-0.38890876],
       [ 0.57714986],
       [ 1.25228128]]), array([[-0.37099173],
       [ 0.4082342 ],
       [ 1.43435396]]), array([[-0.32413732],
       [ 0.61590802],
       [ 1.42123233]]), array([[-0.39706426],
       [-0.32593009],
       [-1.06076432]]), array([[ 0.34758611],
       [-0.3133212 ],
       [ 1.49488523]]), array([[-0.22877449],
       [ 0.10554318],
       [ 1.52941145]]), array([[-0.79626   ],
       [ 0.19824054],
       [ 1.33336261]]), array([[-0.40441818],
       [-0.65517833],
       [-1.49384058]]), array([[ 0.37022083],
       [-0.68096663],
       [-1.60202768]]), array([[-0.72807974],
       [ 0.08534594],
       [ 0.02264815]]), array([[-0.42461216],
       [-0.25927182],
       [ 0.1095152 ]]), array([[0.19544336],
       [0.65060146],
       [1.65472126]]), array([[-0.08895415],
       [ 0.68577052],
       [ 1.25420798]]), array([[-0.10030138],
       [ 0.24801659],
       [-1.49370586]]), array([[-0.12101194],
       [ 0.28405935],
       [ 1.51582691]]), array([[-0.81159779],
       [-0.15954483],
       [ 1.3019751 ]]), array([[-0.5811055 ],
       [-0.18652302],
       [ 0.0285164 ]]), array([[0.16729926],
       [0.66499936],
       [1.60486349]]), array([[-0.4802782 ],
       [ 0.17150556],
       [ 1.30971489]]), array([[-0.22020635],
       [ 0.33376766],
       [ 1.46941427]]), array([[ 0.16127786],
       [-0.25054869],
       [-1.54566861]]), array([[0.27853647],
       [0.48595984],
       [1.19831248]])]
tvecs : 

[array([[-10.60390776],
       [ -0.78165463],
       [ 23.53951629]]), array([[ 9.0027569 ],
       [-7.097911  ],
       [19.26293407]]), array([[-5.96889272],
       [-5.04867954],
       [41.92968469]]), array([[-14.41463054],
       [ -1.31646944],
       [ 36.87885272]]), array([[11.24546711],
       [-1.88032046],
       [28.78587975]]), array([[ 6.69734991],
       [ 4.72010928],
       [33.48083774]]), array([[-5.835759  ],
       [-0.65266956],
       [20.05228315]]), array([[10.37848258],
       [-8.57608274],
       [25.59099088]]), array([[-7.06308576],
       [-2.93587911],
       [32.42046153]]), array([[ 5.96082924],
       [-8.80374886],
       [27.25073128]]), array([[-14.95182059],
       [ -5.55386975],
       [ 34.55716433]]), array([[ 17.25930418],
       [-11.24358351],
       [ 35.38104434]]), array([[ 0.84351515],
       [-1.92705323],
       [22.21949751]]), array([[-6.19440499],
       [-1.6345463 ],
       [24.6857626 ]]), array([[-0.28323523],
       [-3.41399185],
       [30.52428985]]), array([[ 6.67939517],
       [-3.50401069],
       [27.35835794]]), array([[14.4266686 ],
       [ 3.66279799],
       [31.07917217]]), array([[15.5038924 ],
       [-9.03139494],
       [32.63389502]]), array([[11.21061953],
       [-9.29415748],
       [25.69474419]]), array([[-8.70576973],
       [ 5.98648144],
       [38.84894731]]), array([[ 0.12943419],
       [-6.00341427],
       [18.19547141]]), array([[ 7.86515039],
       [-2.04795255],
       [21.83426553]]), array([[10.11563679],
       [-8.59304051],
       [25.83662466]]), array([[ 7.85208958],
       [ 1.38707234],
       [20.69451312]]), array([[-1.91928684],
       [-6.10957222],
       [29.05777729]]), array([[ 11.37292268],
       [-10.04322328],
       [ 28.08296345]]), array([[11.26665023],
       [-2.62689653],
       [47.56707099]]), array([[-8.42057285],
       [ 6.19897794],
       [39.15185891]]), array([[-5.73405717],
       [ 2.05528709],
       [18.9789408 ]]), array([[-12.68895248],
       [ -5.05382404],
       [ 34.42157112]]), array([[ 2.81431402],
       [-1.50677384],
       [21.19723808]]), array([[-3.72232625],
       [-7.35902554],
       [29.81141983]]), array([[22.95951309],
       [-4.41937207],
       [42.40343303]]), array([[ 6.20048162],
       [-8.00946331],
       [32.5856722 ]]), array([[-0.20275796],
       [-3.88277607],
       [28.46453141]]), array([[ 4.38656275],
       [-2.36124731],
       [20.97141633]]), array([[-7.36771962],
       [ 7.44253315],
       [40.7343252 ]]), array([[ 2.7208409 ],
       [-2.58626092],
       [25.49628525]]), array([[15.18727512],
       [-9.81687733],
       [32.53722007]]), array([[ 4.9635315 ],
       [-4.28932491],
       [31.68137611]]), array([[ 8.26854575],
       [-6.94938224],
       [21.07952928]]), array([[  0.60050157],
       [-10.73663912],
       [ 41.15594646]]), array([[ 5.30624459],
       [-8.46100881],
       [30.61442913]])]